0 95
0 95
0 95
0 95
0 95
0 95
0 95
0 95
0 95
0 95
0 95
0 95
0 95
0 95
0 95
0 95
0 95
0 95
0.032659863237109 180
0.032659863237109 180
0.032659863237109 180
0.032659863237109 91
0.032659863237109 180
0.032659863237109 91
0.032659863237109 180
0.032659863237109 91
0.032659863237109 180
0.032659863237109 91
0.032659863237109 180
0.032659863237109 91
0.032659863237109 180
0.032659863237109 91
0.032659863237109 180
0.032659863237109 91
0.032659863237109 180
0.032659863237109 91
0.032659863237109 180
0.032659863237109 91
0.032659863237109 180
0.032659863237109 91
0.032659863237109 180
0.032659863237109 91
0.032659863237109 180
0.032659863237109 91
0.032659863237109 180
0.032659863237109 91
0.032659863237109 180
0.032659863237109 91
0.032659863237109 180
0.032659863237109 91
0.032659863237109 180
0.032659863237109 91
0.032659863237109 180
0.032659863237109 91
0.032659863237109 180
0.032659863237109 91
0.032659863237109 180
0.032659863237109 91
0.032659863237109 180
0.032659863237109 91
0.032659863237109 180
0.032659863237109 91
0.032659863237109 105
0.032659863237109 180
0.032659863237109 105
0.032659863237109 180
0.04618802153517 113
0.04618802153517 113
0.04618802153517 113
0.04618802153517 113
0.04618802153517 113
0.04618802153517 113
0.04618802153517 113
0.04618802153517 113
0.04618802153517 113
0.04618802153517 113
0.04618802153517 113
0.04618802153517 113
0.04618802153517 113
0.04618802153517 113
0.04618802153517 113
0.04618802153517 113
0.051639777949432 182
0.051639777949432 182
0.051639777949432 182
0.051639777949432 182
0.051639777949432 182
0.051639777949432 182
0.051639777949432 182
0.051639777949432 168
0.051639777949432 182
0.051639777949432 168
0.051639777949432 182
0.051639777949432 168
0.051639777949432 182
0.051639777949432 168
0.051639777949432 182
0.051639777949432 168
0.051639777949432 168
0.051639777949432 168
0.051639777949432 168
0.051639777949432 168
0.051639777949432 168
0.051639777949432 81
0.051639777949432 168
0.051639777949432 81
0.051639777949432 168
0.051639777949432 81
0.051639777949432 168
0.051639777949432 81
0.051639777949432 168
0.051639777949432 81
0.051639777949432 168
0.051639777949432 81
0.051639777949432 97
0.051639777949432 168
0.051639777949432 81
0.051639777949432 97
0.051639777949432 168
0.051639777949432 81
0.051639777949432 97
0.051639777949432 168
0.051639777949432 81
0.051639777949432 97
0.051639777949432 97
0.051639777949432 183
0.051639777949432 183
0.051639777949432 183
0.051639777949432 183
0.051639777949432 75
0.051639777949432 75
0.051639777949432 75
0.051639777949432 75
0.051639777949432 75
0.051639777949432 75
0.051639777949432 75
0.051639777949432 75
0.051639777949432 75
0.056568542494924 63
0.056568542494924 63
0.056568542494924 63
0.056568542494924 63
0.056568542494924 113
0.056568542494924 63
0.056568542494924 113
0.056568542494924 63
0.056568542494924 113
0.056568542494924 63
0.056568542494924 113
0.056568542494924 63
0.056568542494924 113
0.056568542494924 63
0.065319726474218 171
0.065319726474218 171
0.065319726474218 171
0.069282032302755 113
0.069282032302755 113
0.069282032302755 113
0.069282032302755 113
0.069282032302755 113
0.069282032302755 113
0.069282032302755 113
0.069282032302755 113
0.069282032302755 113
0.069282032302755 81
0.069282032302755 81
0.069282032302755 81
0.069282032302755 81
0.069282032302755 80
0.069282032302755 80
0.073029674334022 106
0.073029674334022 106
0.073029674334022 106
0.073029674334022 106
0.073029674334022 106
0.073029674334022 106
0.073029674334022 106
0.073029674334022 106
0.073029674334022 106
0.073029674334022 106
0.073029674334022 106
0.073029674334022 106
0.073029674334022 106
0.073029674334022 106
0.073029674334022 106
0.073029674334022 106
0.076594168620507 73
0.076594168620507 73
0.076594168620507 73
0.076594168620507 73
0.076594168620507 73
0.076594168620507 73
0.076594168620507 73
0.076594168620507 73
0.08 64
0.08 64
0.08 64
0.08 64
0.083266639978645 80
0.083266639978645 80
0.083266639978645 80
0.083266639978645 80
0.083266639978645 80
0.083266639978645 80
0.083266639978645 80
0.083266639978645 80
0.083266639978645 80
0.083266639978645 80
0.083266639978645 80
0.083266639978645 80
0.083266639978645 80
0.083266639978645 80
0.086409875978772 63
0.086409875978772 63
0.086409875978772 123
0.086409875978772 63
0.086409875978772 63
0.086409875978772 56
0.086409875978772 63
0.086409875978772 56
0.086409875978772 63
0.086409875978772 56
0.086409875978772 63
0.086409875978772 56
0.086409875978772 63
0.086409875978772 56
0.086409875978772 63
0.086409875978772 63
0.086409875978772 63
0.09237604307034 62
0.09237604307034 62
0.09237604307034 62
0.09237604307034 62
0.09237604307034 62
0.09237604307034 62
0.09237604307034 62
0.09237604307034 62
0.095219045713905 80
0.095219045713905 80
0.095219045713905 80
0.095219045713905 80
0.095219045713905 80
0.095219045713905 80
0.095219045713905 80
0.095219045713905 80
0.095219045713905 84
0.095219045713905 84
0.095219045713905 84
0.095219045713905 84
0.095219045713905 84
0.095219045713905 84
0.095219045713905 84
0.095219045713905 84
0.095219045713905 84
0.095219045713905 84
0.095219045713905 87
0.097979589711327 187
0.097979589711327 187
0.097979589711327 157
0.097979589711327 157
0.097979589711327 114
0.097979589711327 157
0.097979589711327 114
0.103279555898864 78
0.103279555898864 78
0.103279555898864 78
0.103279555898864 78
0.103279555898864 78
0.103279555898864 78
0.103279555898864 78
0.103279555898864 78
0.103279555898864 78
0.103279555898864 78
0.103279555898864 78
0.103279555898864 78
0.103279555898864 78
0.105830052442584 92
0.105830052442584 92
0.105830052442584 92
0.105830052442584 92
0.105830052442584 80
0.105830052442584 80
0.105830052442584 80
0.105830052442584 80
0.113137084989848 184
0.113137084989848 184
0.113137084989848 184
0.113137084989848 184
0.113137084989848 184
0.115470053837925 103
0.115470053837925 103
0.115470053837925 103
0.115470053837925 103
0.115470053837925 103
0.115470053837925 103
0.115470053837925 103
0.115470053837925 103
0.115470053837925 103
0.117756811551038 97
0.117756811551038 103
0.117756811551038 97
0.117756811551038 103
0.117756811551038 97
0.117756811551038 103
0.117756811551038 97
0.117756811551038 103
0.117756811551038 97
0.117756811551038 97
0.117756811551038 97
0.117756811551038 167
0.117756811551038 167
0.117756811551038 167
0.117756811551038 93
0.117756811551038 93
0.117756811551038 93
0.117756811551038 93
0.117756811551038 93
0.117756811551038 93
0.117756811551038 64
0.117756811551038 64
0.117756811551038 64
0.117756811551038 64
0.12 91
0.12 91
0.12 91
0.12 91
0.12 60
0.12 60
0.12 60
0.124365054041184 147
0.124365054041184 147
0.124365054041184 147
0.124365054041184 147
0.124365054041184 147
0.124365054041184 47
0.124365054041184 47
0.126491106406735 68
0.126491106406735 68
0.126491106406735 68
0.126491106406735 58
0.126491106406735 68
0.126491106406735 58
0.126491106406735 68
0.126491106406735 58
0.126491106406735 68
0.126491106406735 58
0.126491106406735 68
0.126491106406735 58
0.126491106406735 61
0.126491106406735 58
0.126491106406735 61
0.126491106406735 58
0.126491106406735 61
0.126491106406735 61
0.130639452948436 48
0.130639452948436 48
0.130639452948436 48
0.130639452948436 48
0.130639452948436 48
0.130639452948436 48
0.134660065844828 161
0.134660065844828 161
0.134660065844828 161
0.136626010212795 80
0.136626010212795 80
0.136626010212795 80
0.136626010212795 80
0.136626010212795 80
0.13856406460551 33
0.13856406460551 33
0.13856406460551 33
0.13856406460551 33
0.13856406460551 33
0.13856406460551 33
0.13856406460551 33
0.142361043360417 87
0.142361043360417 87
0.142361043360417 63
0.142361043360417 63
0.142361043360417 63
0.142361043360417 63
0.142361043360417 63
0.142361043360417 63
0.142361043360417 63
0.142361043360417 63
0.142361043360417 63
0.146059348668044 83
0.146059348668044 79
0.146059348668044 79
0.146059348668044 79
0.146059348668044 79
0.146059348668044 79
0.146059348668044 79
0.146059348668044 79
0.146059348668044 79
0.147873820085459 63
0.147873820085459 63
0.147873820085459 63
0.147873820085459 63
0.147873820085459 63
0.147873820085459 63
0.147873820085459 63
0.147873820085459 63
0.147873820085459 52
0.147873820085459 52
0.147873820085459 52
0.147873820085459 52
0.147873820085459 52
0.147873820085459 39
0.147873820085459 39
0.147873820085459 39
0.147873820085459 39
0.147873820085459 39
0.147873820085459 39
0.147873820085459 39
0.147873820085459 39
0.147873820085459 39
0.154919333848297 125
0.154919333848297 125
0.154919333848297 125
0.154919333848297 125
0.154919333848297 59
0.154919333848297 59
0.154919333848297 59
0.154919333848297 59
0.154919333848297 142
0.154919333848297 142
0.154919333848297 142
0.154919333848297 97
0.154919333848297 97
0.15663120165961 170
0.15663120165961 161
0.15663120165961 170
0.15663120165961 57
0.15663120165961 57
0.15663120165961 57
0.15663120165961 57
0.15663120165961 57
0.15663120165961 57
0.15663120165961 57
0.15663120165961 57
0.161658075373095 90
0.161658075373095 90
0.161658075373095 90
0.163299316185545 169
0.163299316185545 169
0.163299316185545 74
0.163299316185545 74
0.163299316185545 74
0.163299316185545 74
0.163299316185545 74
0.163299316185545 56
0.163299316185545 56
0.163299316185545 56
0.163299316185545 56
0.164924225024706 174
0.164924225024706 96
0.164924225024706 96
0.164924225024706 96
0.168126936172247 166
0.168126936172247 166
0.169705627484771 168
0.169705627484771 153
0.169705627484771 153
0.169705627484771 153
0.169705627484771 161
0.169705627484771 153
0.169705627484771 161
0.169705627484771 33
0.169705627484771 33
0.169705627484771 33
0.172819751957543 42
0.172819751957543 42
0.172819751957543 42
0.174355957741627 70
0.174355957741627 70
0.174355957741627 70
0.174355957741627 70
0.174355957741627 70
0.174355957741627 70
0.174355957741627 161
0.174355957741627 161
0.174355957741627 88
0.174355957741627 88
0.174355957741627 88
0.174355957741627 88
0.174355957741627 88
0.180369990112916 33
0.180369990112916 33
0.180369990112916 33
0.180369990112916 33
0.180369990112916 33
0.180369990112916 33
0.180369990112916 33
0.180369990112916 33
0.180369990112916 33
0.180369990112916 112
0.180369990112916 112
0.180369990112916 112
0.180369990112916 56
0.180369990112916 56
0.180369990112916 56
0.180369990112916 56
0.180369990112916 56
0.180369990112916 56
0.180369990112916 56
0.180369990112916 56
0.181842422626478 80
0.181842422626478 80
0.181842422626478 71
0.181842422626478 80
0.181842422626478 56
0.181842422626478 56
0.181842422626478 56
0.181842422626478 56
0.186189867250252 145
0.186189867250252 94
0.186189867250252 94
0.186189867250252 63
0.186189867250252 63
0.186189867250252 63
0.187616630392937 174
0.187616630392937 174
0.187616630392937 93
0.190438091427809 96
0.190438091427809 96
0.190438091427809 96
0.190438091427809 96
0.190438091427809 96
0.190438091427809 132
0.190438091427809 132
0.190438091427809 132
0.190438091427809 132
0.191833260932509 62
0.191833260932509 62
0.191833260932509 62
0.191833260932509 138
0.191833260932509 138
0.191833260932509 91
0.191833260932509 91
0.193218356615859 80
0.193218356615859 80
0.193218356615859 79
0.193218356615859 80
0.193218356615859 79
0.193218356615859 80
0.193218356615859 79
0.193218356615859 80
0.193218356615859 79
0.195959179422654 47
0.195959179422654 47
0.195959179422654 47
0.19731531449265 142
0.198662192343351 182
0.198662192343351 106
0.198662192343351 106
0.198662192343351 68
0.198662192343351 68
0.2 172
0.2 94
0.2 172
0.2 94
0.2 94
0.2 94
0.2 94
0.2 62
0.2 66
0.2 62
0.2 66
0.2 62
0.2 62
0.202649122047609 29
0.202649122047609 52
0.202649122047609 29
0.202649122047609 52
0.202649122047609 29
0.202649122047609 52
0.202649122047609 29
0.202649122047609 52
0.202649122047609 29
0.202649122047609 29
0.202649122047609 29
0.203960780543711 56
0.203960780543711 56
0.203960780543711 56
0.203960780543711 56
0.203960780543711 56
0.203960780543711 56
0.203960780543711 56
0.207846096908265 44
0.207846096908265 44
0.207846096908265 44
0.207846096908265 44
0.210396451174127 58
0.210396451174127 58
0.210396451174127 58
0.210396451174127 58
0.210396451174127 58
0.210396451174127 58
0.210396451174127 58
0.210396451174127 46
0.210396451174127 58
0.210396451174127 46
0.210396451174127 46
0.210396451174127 46
0.210396451174127 46
0.210396451174127 46
0.210396451174127 46
0.210396451174127 34
0.210396451174127 46
0.210396451174127 46
0.210396451174127 34
0.210396451174127 34
0.210396451174127 34
0.210396451174127 34
0.210396451174127 138
0.210396451174127 138
0.210396451174127 138
0.212916258968951 164
0.212916258968951 164
0.214165045389453 170
0.214165045389453 170
0.214165045389453 89
0.214165045389453 89
0.214165045389453 89
0.214165045389453 182
0.214165045389453 182
0.214165045389453 182
0.217868461844909 61
0.217868461844909 61
0.217868461844909 156
0.217868461844909 156
0.217868461844909 156
0.217868461844909 156
0.217868461844909 75
0.217868461844909 75
0.217868461844909 96
0.217868461844909 96
0.217868461844909 96
0.217868461844909 96
0.217868461844909 96
0.219089023002066 29
0.219089023002066 29
0.219089023002066 29
0.219089023002066 29
0.219089023002066 29
0.219089023002066 29
0.219089023002066 29
0.219089023002066 29
0.219089023002066 29
0.219089023002066 29
0.219089023002066 147
0.219089023002066 147
0.219089023002066 63
0.219089023002066 63
0.219089023002066 63
0.219089023002066 63
0.220302821891444 31
0.220302821891444 31
0.220302821891444 31
0.223904741649956 178
0.223904741649956 170
0.223904741649956 79
0.223904741649956 79
0.223904741649956 79
0.223904741649956 79
0.223904741649956 79
0.223904741649956 79
0.223904741649956 99
0.223904741649956 99
0.223904741649956 99
0.223904741649956 99
0.227449628123093 150
0.227449628123093 150
0.227449628123093 150
0.227449628123093 150
0.228619042659763 116
0.228619042659763 116
0.228619042659763 116
0.228619042659763 116
0.228619042659763 29
0.228619042659763 29
0.228619042659763 29
0.228619042659763 29
0.228619042659763 29
0.228619042659763 29
0.228619042659763 29
0.232091935807056 48
0.232091935807056 48
0.232091935807056 48
0.232091935807056 28
0.232091935807056 28
0.232091935807056 91
0.232091935807056 91
0.232091935807056 91
0.232091935807056 91
0.232091935807056 91
0.232091935807056 91
0.232091935807056 91
0.232091935807056 56
0.232091935807056 56
0.232091935807056 78
0.232091935807056 78
0.235513623102076 162
0.235513623102076 162
0.237767393335027 118
0.24 94
0.245492701860293 80
0.245492701860293 80
0.245492701860293 80
0.245492701860293 80
0.245492701860293 80
0.246576560118759 173
0.246576560118759 173
0.246576560118759 73
0.246576560118759 73
0.249799919935936 155
0.26229754097208 58
0.26229754097208 58
0.26229754097208 58
0.26229754097208 58
0.26229754097208 95
0.26229754097208 95
0.271293199325011 82
0.272274371422162 94
0.272274371422162 94
0.272274371422162 94
0.272274371422162 94
0.272274371422162 94
0.272274371422162 179
0.278088714861523 168
0.28 164
0.28189832682488 171
0.282842712474619 180
0.282842712474619 81
0.282842712474619 81
0.282842712474619 81
0.282842712474619 81
0.282842712474619 81
0.282842712474619 81
0.285657137141714 79
0.285657137141714 79
0.285657137141714 79
0.285657137141714 46
0.285657137141714 46
0.285657137141714 46
0.286589136802729 97
0.29851629958677 151
0.299332590941915 170
0.299332590941915 170
0.299332590941915 95
0.299332590941915 95
0.301109061083632 157
0.301109061083632 157
0.301109061083632 157
0.301109061083632 56
0.301109061083632 56
0.301109061083632 56
0.301109061083632 56
0.301109061083632 56
0.301109061083632 56
0.304630924234556 54
0.304630924234556 54
0.308976806033506 33
0.308976806033506 33
0.308976806033506 33
0.308976806033506 33
0.314112506383727 115
0.314112506383727 115
0.320832251080426 181
0.320832251080426 181
0.321662348848395 34
0.321662348848395 34
0.322490309931942 89
0.322490309931942 89
0.327414110874898 45
0.327414110874898 45
0.327414110874898 52
0.327414110874898 45
0.327414110874898 52
0.327414110874898 45
0.327414110874898 52
0.327414110874898 45
0.329039004780082 77
0.329039004780082 77
0.329039004780082 77
0.333866240681304 186
0.333866240681304 186
0.333866240681304 179
0.33466401061363 86
0.33466401061363 86
0.33466401061363 86
0.33466401061363 86
0.335459883344243 166
0.335459883344243 166
0.364417343165772 161
0.365148371670111 167
0.36587793957366 66
0.370944739819828 179
0.373095162123553 106
0.373095162123553 52
0.373095162123553 52
0.373095162123553 52
0.373095162123553 74
0.373095162123553 74
0.373095162123553 74
0.373095162123553 74
0.375233260785874 157
0.375233260785874 172
0.375233260785874 172
0.375943258129912 26
0.375943258129912 26
0.375943258129912 26
0.375943258129912 26
0.375943258129912 26
0.375943258129912 26
0.375943258129912 26
0.376651917115348 99
0.376651917115348 99
0.378769938969114 177
0.387126163758879 154
0.387126163758879 154
0.391918358845308 164
0.395305788809962 161
0.397324384686702 75
0.397324384686702 75
0.397994974842648 146
0.397994974842648 146
0.397994974842648 146
0.397994974842648 146
0.397994974842648 68
0.397994974842648 68
0.398664437006028 160
0.399332776849918 153
0.399332776849918 153
0.399332776849918 153
0.403319558993445 47
0.403319558993445 47
0.403319558993445 47
0.403319558993445 47
0.403319558993445 47
0.403319558993445 47
0.403319558993445 47
0.409226913419275 61
0.409226913419275 61
0.409226913419275 61
0.409226913419275 61
0.409226913419275 61
0.409878030638384 54
0.409878030638384 54
0.409878030638384 54
0.411177171869581 93
0.411177171869581 93
0.411177171869581 93
0.411177171869581 93
0.411177171869581 68
0.41182520563948 156
0.41182520563948 156
0.413763217311544 99
0.413763217311544 99
0.415692193816531 107
0.418887415264134 156
0.420158700175699 160
0.429573431828987 161
0.429573431828987 161
0.439393521420909 148
0.439393521420909 148
0.439393521420909 148
0.443621460256377 180
0.444822061802994 159
0.446616912651846 179
0.450777106783386 167
0.465331423109737 145
0.465331423109737 145
0.467047463683653 17
0.467047463683653 17
0.467047463683653 17
0.467047463683653 17
0.467047463683653 17
0.467047463683653 17
0.467047463683653 17
0.467047463683653 17
0.468187996428785 64
0.468187996428785 64
0.468187996428785 64
0.468187996428785 64
0.468187996428785 64
0.468187996428785 64
0.468187996428785 64
0.468187996428785 64
0.468187996428785 64
0.468187996428785 64
0.469325757514614 22
0.469325757514614 22
0.469325757514614 22
0.469325757514614 22
0.469325757514614 22
0.469325757514614 22
0.469325757514614 22
0.469893604978829 37
0.469893604978829 37
0.469893604978829 37
0.469893604978829 37
0.469893604978829 37
0.469893604978829 37
0.469893604978829 37
0.469893604978829 37
0.469893604978829 37
0.469893604978829 37
0.469893604978829 37
0.469893604978829 37
0.469893604978829 37
0.469893604978829 37
0.471593044902064 55
0.475534786670054 171
0.478330429724056 79
0.478330429724056 79
0.478330429724056 79
0.478330429724056 79
0.478330429724056 24
0.478330429724056 24
0.478330429724056 24
0.478330429724056 24
0.478330429724056 24
0.478330429724056 24
0.478330429724056 24
0.478330429724056 24
0.478330429724056 24
0.478330429724056 24
0.478330429724056 24
0.478330429724056 24
0.484974226119286 190
0.484974226119286 25
0.484974226119286 25
0.484974226119286 25
0.484974226119286 25
0.484974226119286 25
0.484974226119286 25
0.484974226119286 25
0.490441977539987 181
0.495849439514321 160
0.495849439514321 160
0.497995983919549 173
0.498531175889065 89
0.498531175889065 89
0.501730339259381 159
0.513290041464538 162
0.519486926367418 181
0.521024631535465 41
0.521024631535465 41
0.521024631535465 41
0.521536192416212 169
0.52459508194416 167
0.52459508194416 83
0.52459508194416 47
0.52459508194416 47
0.52459508194416 47
0.52459508194416 47
0.52459508194416 47
0.52459508194416 47
0.525103164467073 158
0.529150262212918 22
0.529150262212918 22
0.529150262212918 22
0.529150262212918 22
0.529150262212918 22
0.529150262212918 22
0.529150262212918 22
0.529150262212918 22
0.529150262212918 22
0.529150262212918 22
0.529150262212918 22
0.529150262212918 22
0.529150262212918 22
0.529150262212918 22
0.529150262212918 22
0.529150262212918 22
0.529150262212918 22
0.529150262212918 22
0.529150262212918 22
0.529150262212918 22
0.539135109844153 42
0.539135109844153 42
0.539135109844153 42
0.539135109844153 42
0.539135109844153 42
0.539135109844153 42
0.539135109844153 42
0.539135109844153 42
0.539135109844153 42
0.539135109844153 42
0.539135109844153 42
0.539135109844153 42
0.539135109844153 42
0.541109970338747 29
0.541109970338747 29
0.541109970338747 29
0.541109970338747 29
0.541109970338747 29
0.541109970338747 29
0.541109970338747 29
0.541109970338747 29
0.541109970338747 29
0.541109970338747 29
0.545527267879434 86
0.545527267879434 86
0.545527267879434 86
0.545527267879434 86
0.545527267879434 86
0.545527267879434 86
0.547479071137275 174
0.55184538897533 197
0.55184538897533 35
0.559046807819643 25
0.559046807819643 25
0.559046807819643 25
0.559046807819643 25
0.559046807819643 25
0.559046807819643 25
0.559046807819643 25
0.562849891178812 62
0.562849891178812 62
0.562849891178812 62
0.562849891178812 62
0.562849891178812 62
0.562849891178812 62
0.562849891178812 62
0.568037557443754 59
0.568037557443754 59
0.568037557443754 59
0.570379990298865 156
0.573178273605458 176
0.575962961772138 180
0.579655069847578 180
0.580574428188726 7
0.580574428188726 7
0.580574428188726 7
0.580574428188726 7
0.580574428188726 7
0.580574428188726 7
0.580574428188726 7
0.580574428188726 7
0.580574428188726 7
0.580574428188726 7
0.580574428188726 7
0.580574428188726 7
0.580574428188726 7
0.580574428188726 7
0.580574428188726 7
0.580574428188726 7
0.580574428188726 7
0.580574428188726 7
0.581033561853358 170
0.581950742474539 40
0.581950742474539 40
0.581950742474539 40
0.581950742474539 40
0.581950742474539 40
0.581950742474539 40
0.581950742474539 40
0.581950742474539 40
0.581950742474539 40
0.581950742474539 40
0.581950742474539 40
0.581950742474539 40
0.581950742474539 40
0.581950742474539 40
0.581950742474539 40
0.583323809446063 151
0.583323809446063 151
0.589689183666559 180
0.590141226035486 33
0.590141226035486 33
0.590141226035486 33
0.590141226035486 33
0.590141226035486 33
0.590141226035486 33
0.590141226035486 33
0.590141226035486 33
0.590141226035486 33
0.595986577030054 41
0.595986577030054 41
0.596433846569201 7
0.596433846569201 7
0.596433846569201 7
0.596433846569201 7
0.596433846569201 7
0.596433846569201 7
0.596433846569201 7
0.596433846569201 7
0.596433846569201 7
0.596433846569201 7
0.596433846569201 7
0.596433846569201 7
0.596433846569201 7
0.596433846569201 7
0.596433846569201 7
0.596433846569201 7
0.596433846569201 7
0.596433846569201 7
0.596433846569201 7
0.596433846569201 7
0.596433846569201 7
0.596433846569201 7
0.596433846569201 7
0.596433846569201 7
0.599110451697626 24
0.599110451697626 24
0.599555390824456 48
0.599555390824456 48
0.610136596727869 32
0.610136596727869 32
0.610136596727869 32
0.610136596727869 32
0.610136596727869 32
0.610136596727869 32
0.610136596727869 32
0.611446372682565 151
0.611446372682565 151
0.617089944821661 177
0.628225012767453 181
0.647868299373672 15
0.647868299373672 15
0.647868299373672 15
0.647868299373672 15
0.647868299373672 15
0.647868299373672 15
0.647868299373672 15
0.647868299373672 15
0.647868299373672 15
0.647868299373672 15
0.647868299373672 15
0.647868299373672 15
0.647868299373672 15
0.647868299373672 15
0.647868299373672 15
0.647868299373672 15
0.647868299373672 15
0.647868299373672 15
0.647868299373672 15
0.650743164901996 30
0.650743164901996 30
0.656861223293525 177
0.656861223293525 33
0.656861223293525 33
0.660504857413378 12
0.660504857413378 12
0.660504857413378 12
0.660504857413378 12
0.660504857413378 12
0.660504857413378 12
0.660504857413378 12
0.660504857413378 12
0.660504857413378 12
0.660504857413378 12
0.660504857413378 12
0.660504857413378 12
0.660504857413378 12
0.660504857413378 12
0.660504857413378 12
0.660504857413378 12
0.660504857413378 12
0.660504857413378 12
0.660504857413378 12
0.660504857413378 12
0.660504857413378 12
0.660504857413378 12
0.660504857413378 12
0.660504857413378 12
0.661714943662803 0
0.661714943662803 0
0.661714943662803 0
0.661714943662803 0
0.661714943662803 0
0.661714943662803 0
0.661714943662803 0
0.661714943662803 0
0.661714943662803 0
0.661714943662803 0
0.661714943662803 0
0.661714943662803 0
0.661714943662803 0
0.661714943662803 0
0.661714943662803 0
0.661714943662803 0
0.661714943662803 0
0.661714943662803 0
0.661714943662803 0
0.661714943662803 0
0.661714943662803 0
0.661714943662803 0
0.661714943662803 0
0.661714943662803 0
0.661714943662803 0
0.661714943662803 0
0.661714943662803 0
0.661714943662803 0
0.661714943662803 0
0.661714943662803 0
0.661714943662803 0
0.661714943662803 0
0.661714943662803 0
0.661714943662803 0
0.661714943662803 0
0.661714943662803 0
0.661714943662803 0
0.674882705858334 169
0.674882705858334 0
0.674882705858334 0
0.674882705858334 0
0.674882705858334 0
0.674882705858334 0
0.674882705858334 0
0.674882705858334 0
0.674882705858334 0
0.674882705858334 0
0.674882705858334 0
0.674882705858334 0
0.674882705858334 0
0.674882705858334 0
0.674882705858334 0
0.674882705858334 0
0.679215233437335 179
0.680392043849231 20
0.680392043849231 20
0.681175454637056 12
0.681175454637056 12
0.683130051063973 160
0.692820323027551 144
0.692820323027551 144
0.692820323027551 144
0.696275807421168 20
0.696275807421168 20
0.696275807421168 20
0.698951595844328 4
0.698951595844328 4
0.698951595844328 4
0.698951595844328 4
0.698951595844328 4
0.698951595844328 4
0.698951595844328 4
0.698951595844328 4
0.698951595844328 4
0.698951595844328 4
0.698951595844328 4
0.698951595844328 4
0.698951595844328 4
0.698951595844328 4
0.698951595844328 4
0.698951595844328 4
0.698951595844328 4
0.701237002256251 65
0.701237002256251 65
0.701237002256251 65
0.701237002256251 65
0.706540869306228 13
0.706540869306228 13
0.706540869306228 13
0.706540869306228 13
0.712928233882392 166
0.717402722790112 169
0.719629534320727 8
0.719629534320727 8
0.719629534320727 8
0.719629534320727 8
0.719629534320727 8
0.719629534320727 8
0.719629534320727 8
0.719629534320727 8
0.721479960451663 41
0.721479960451663 41
0.721849476460755 156
0.721849476460755 156
0.730661800470414 7
0.730661800470414 7
0.730661800470414 7
0.730661800470414 7
0.730661800470414 7
0.730661800470414 7
0.737925018774491 154
0.737925018774491 154
0.742608016834364 36
0.742608016834364 36
0.742608016834364 36
0.742608016834364 36
0.742608016834364 36
0.747975044146973 36
0.751176854453508 0
0.751176854453508 0
0.751176854453508 0
0.751176854453508 0
0.751176854453508 0
0.751176854453508 0
0.751176854453508 0
0.751176854453508 0
0.751176854453508 0
0.751176854453508 0
0.751176854453508 0
0.751176854453508 0
0.751176854453508 0
0.751176854453508 0
0.751176854453508 0
0.751176854453508 0
0.751176854453508 0
0.764547796631011 172
0.772183052563747 160
0.78587530817554 0
0.78587530817554 0
0.78587530817554 0
0.78587530817554 0
0.78587530817554 0
0.78587530817554 0
0.78587530817554 0
0.78587530817554 0
0.78587530817554 0
0.78587530817554 0
0.78587530817554 0
0.78587530817554 0
0.78587530817554 0
0.789599054372956 176
0.834266144584568 182
0.846955331368386 166
0.873002481859779 75
0.873002481859779 75
0.873002481859779 75
0.873002481859779 75
